51 46 44 40 37 36 32
51 47 44 40 37 36 32
51 47 46 40 37 36 32
51 47 46 44 37 36 32
51 47 46 44 40 36 32
51 47 46 44 40 37 32
51 47 46 44 40 37 36
not safe
58 58 56 53 50 52
62 58 56 53 50 52
62 58 56 53 50 52
62 58 58 53 50 52
62 58 58 56 50 52
62 58 58 56 53 52
62 58 58 56 53 50
not safe
26 24 23 20 19 15
26 24 23 20 19 15
26 26 23 20 19 15
26 26 24 20 19 15
26 26 24 23 19 15
26 26 24 23 20 15
26 26 24 23 20 19
not safe
34 33 32 25 24 23 26
36 33 32 25 24 23 26
36 34 32 25 24 23 26
36 34 33 25 24 23 26
36 34 33 32 24 23 26
36 34 33 32 25 23 26
36 34 33 32 25 24 26
36 34 33 32 25 24 23
not safe
54 55 56 56
53 55 56 56
53 54 56 56
53 54 55 56
now is safe
29 30 27 25 25
29 30 27 25 25
29 29 27 25 25
29 29 30 25 25
29 29 30 27 25
29 29 30 27 25
not safe
75 77 79 85
70 77 79 85
70 75 79 85
70 75 77 85
70 75 77 79
not safe
18 16 16 13 10
18 16 16 13 10
18 18 16 13 10
18 18 16 13 10
18 18 16 16 10
18 18 16 16 13
not safe
85 87 90 91 94
now is safe
59 56 56 54 52 55
56 56 56 54 52 55
56 59 56 54 52 55
56 59 56 54 52 55
56 59 56 56 52 55
56 59 56 56 54 55
56 59 56 56 54 52
not safe
18 20 18 17 16
22 20 18 17 16
now is safe
10 11 14 18 20 21 22
12 11 14 18 20 21 22
12 10 14 18 20 21 22
12 10 11 18 20 21 22
12 10 11 14 20 21 22
12 10 11 14 18 21 22
12 10 11 14 18 20 22
12 10 11 14 18 20 21
not safe
96 93 86 85 83
94 93 86 85 83
94 96 86 85 83
94 96 93 85 83
94 96 93 86 83
94 96 93 86 85
not safe
56 54 52 51 53 51 49
54 54 52 51 53 51 49
54 56 52 51 53 51 49
54 56 54 51 53 51 49
54 56 54 52 53 51 49
54 56 54 52 51 51 49
54 56 54 52 51 53 49
54 56 54 52 51 53 51
not safe
75 71 69 66 64 58
72 71 69 66 64 58
72 75 69 66 64 58
72 75 71 66 64 58
72 75 71 69 64 58
72 75 71 69 66 58
72 75 71 69 66 64
not safe
45 46 47 54 56 59
41 46 47 54 56 59
41 45 47 54 56 59
41 45 46 54 56 59
41 45 46 47 56 59
41 45 46 47 54 59
41 45 46 47 54 56
not safe
71 75 77 81
71 75 77 81
71 71 77 81
71 71 75 81
71 71 75 77
not safe
17 16 13 15 11
14 16 13 15 11
14 17 13 15 11
14 17 16 15 11
14 17 16 13 11
14 17 16 13 15
not safe
4 9 10 12 16
4 9 10 12 16
4 4 10 12 16
4 4 9 12 16
4 4 9 10 16
4 4 9 10 12
not safe
72 73 76 79 76
71 73 76 79 76
71 72 76 79 76
71 72 73 79 76
71 72 73 76 76
71 72 73 76 79
now is safe
69 66 67 65 58
67 66 67 65 58
67 69 67 65 58
67 69 66 65 58
67 69 66 67 58
67 69 66 67 65
not safe
34 31 30 29 28 25 23
now is safe
35 35 33 30
38 35 33 30
now is safe
49 52 55 58 59 62 67
48 52 55 58 59 62 67
48 49 55 58 59 62 67
48 49 52 58 59 62 67
48 49 52 55 59 62 67
48 49 52 55 58 62 67
48 49 52 55 58 59 67
48 49 52 55 58 59 62
now is safe
51 52 52 54
45 52 52 54
45 51 52 54
45 51 52 54
45 51 52 52
not safe
34 36 38 38 36
28 36 38 38 36
28 34 38 38 36
28 34 36 38 36
28 34 36 38 36
28 34 36 38 38
not safe
15 11 9 5
12 11 9 5
12 15 9 5
12 15 11 5
12 15 11 9
not safe
33 36 37 41 43 46 43
36 36 37 41 43 46 43
36 33 37 41 43 46 43
36 33 36 41 43 46 43
36 33 36 37 43 46 43
36 33 36 37 41 46 43
36 33 36 37 41 43 43
36 33 36 37 41 43 46
not safe
90 86 83 80 77
91 86 83 80 77
91 90 83 80 77
91 90 86 80 77
91 90 86 83 77
91 90 86 83 80
not safe
55 61 63 64 66 65
48 61 63 64 66 65
48 55 63 64 66 65
48 55 61 64 66 65
48 55 61 63 66 65
48 55 61 63 64 65
48 55 61 63 64 66
not safe
55 56 56 62
55 56 56 62
55 55 56 62
55 55 56 62
55 55 56 56
not safe
64 59 58 57 56 50
64 59 58 57 56 50
64 64 58 57 56 50
64 64 59 57 56 50
64 64 59 58 56 50
64 64 59 58 57 50
64 64 59 58 57 56
not safe
13 11 10 7 5 8
16 11 10 7 5 8
16 13 10 7 5 8
16 13 11 7 5 8
16 13 11 10 5 8
16 13 11 10 7 8
16 13 11 10 7 5
now is safe
26 31 32 34 41
26 31 32 34 41
26 26 32 34 41
26 26 31 34 41
26 26 31 32 41
26 26 31 32 34
not safe
57 50 48 46 42
58 50 48 46 42
58 57 48 46 42
58 57 50 46 42
58 57 50 48 42
58 57 50 48 46
not safe
19 18 16 17
23 18 16 17
23 19 16 17
23 19 18 17
23 19 18 16
not safe